[sie][Equalizer#0]
numBands=10
outputGain=-3

[sie][Equalizer#0#left]
band0Frequency=80
band0Gain=4
band0Q=0.7
band10Type=0
band11Gain=2.1100000000000008
band11Type=0
band12Type=0
band13Type=0
band14Type=0
band15Type=0
band16Type=0
band17Type=0
band18Type=0
band19Type=0
band1Frequency=150
band1Gain=4.5
band1Q=1
band20Type=0
band21Gain=2.040000000000001
band21Type=0
band22Type=0
band23Type=0
band24Gain=1.0800000000000007
band24Type=0
band25Type=0
band26Type=0
band27Gain=-2.059999999999999
band27Type=0
band28Type=0
band29Type=0
band2Frequency=300
band2Gain=2
band2Q=1.5
band30Type=0
band31Type=0
band3Frequency=600
band3Gain=0.5
band3Q=2
band4Frequency=1000
band4Gain=1.5
band4Q=2
band5Frequency=2000
band5Gain=3
band5Q=2
band6Frequency=3500
band6Gain=4
band6Q=2
band7Frequency=5000
band7Gain=3
band7Q=3
band8Frequency=7000
band8Gain=-2.5
band8Q=3
band9Frequency=10000
band9Gain=2
band9Q=2.5

[sie][Equalizer#0#right]
band0Frequency=80
band0Gain=4
band0Q=0.7
band10Type=0
band11Gain=2.1100000000000008
band11Type=0
band12Type=0
band13Type=0
band14Type=0
band15Type=0
band16Type=0
band17Type=0
band18Type=0
band19Type=0
band1Frequency=150
band1Gain=4.5
band1Q=1
band20Type=0
band21Gain=2.040000000000001
band21Type=0
band22Type=0
band23Type=0
band24Gain=1.0800000000000007
band24Type=0
band25Type=0
band26Type=0
band27Gain=-2.059999999999999
band27Type=0
band28Type=0
band29Type=0
band2Frequency=300
band2Gain=2
band2Q=1.5
band30Type=0
band31Type=0
band3Frequency=600
band3Gain=0.5
band3Q=2
band4Frequency=1000
band4Gain=1.5
band4Q=2
band5Frequency=2000
band5Gain=3
band5Q=2
band6Frequency=3500
band6Gain=4
band6Q=2
band7Frequency=5000
band7Gain=3
band7Q=3
band8Frequency=7000
band8Gain=-2.5
band8Q=3
band9Frequency=10000
band9Gain=2
band9Q=2.5

[soe][Equalizer#0#left]
band21Gain=1
band22Gain=0.5
band23Gain=-0.5
band24Gain=0.5
band25Gain=-0.5
band26Gain=-0.5
band27Gain=-0.5
band5Gain=3.5
band6Gain=3
band7Gain=1.5
band8Gain=0.5

[soe][Equalizer#0#right]
band21Gain=1
band22Gain=0.5
band23Gain=-0.5
band24Gain=0.5
band25Gain=-0.5
band26Gain=-0.5
band27Gain=-0.5
band5Gain=3.5
band6Gain=3
band7Gain=1.5
band8Gain=0.5
