[sie][Equalizer#0#left]
band11Gain=2.1100000000000008
band21Gain=2.040000000000001
band24Gain=1.0800000000000007
band27Gain=-2.059999999999999
band6Gain=3.080000000000001
band8Gain=4.010000000000001

[sie][Equalizer#0#right]
band11Gain=2.1100000000000008
band21Gain=2.040000000000001
band24Gain=1.0800000000000007
band27Gain=-2.059999999999999
band6Gain=3.080000000000001
band8Gain=4.010000000000001

[soe][Equalizer#0#left]
band21Gain=1.0500000000000007
band24Gain=2.060000000000001
band27Gain=1.1900000000000008
band2Gain=3.000000000000001
band5Gain=4.0200000000000005
band8Gain=2.000000000000001

[soe][Equalizer#0#right]
band21Gain=1.0500000000000007
band24Gain=2.060000000000001
band27Gain=1.1900000000000008
band2Gain=3.000000000000001
band5Gain=4.0200000000000005
band8Gain=2.000000000000001
