[sie][Equalizer#0]
numBands=10
outputGain=-3

[sie][Equalizer#0#left]
band0Frequency=80
band0Gain=4
band0Q=0.7
band10Type=0
band11Gain=2.1100000000000008
band11Type=0
band12Type=0
band13Type=0
band14Type=0
band15Type=0
band16Type=0
band17Type=0
band18Type=0
band19Type=0
band1Frequency=150
band1Gain=4.5
band1Q=1
band20Type=0
band21Gain=2.040000000000001
band21Type=0
band22Type=0
band23Type=0
band24Gain=1.0800000000000007
band24Type=0
band25Type=0
band26Type=0
band27Gain=-2.059999999999999
band27Type=0
band28Type=0
band29Type=0
band2Frequency=300
band2Gain=2
band2Q=1.5
band30Type=0
band31Type=0
band3Frequency=600
band3Gain=0.5
band3Q=2
band4Frequency=1000
band4Gain=1.5
band4Q=2
band5Frequency=2000
band5Gain=3
band5Q=2
band6Frequency=3500
band6Gain=4
band6Q=2
band7Frequency=5000
band7Gain=3
band7Q=3
band8Frequency=7000
band8Gain=-2.5
band8Q=3
band9Frequency=10000
band9Gain=2
band9Q=2.5

[sie][Equalizer#0#right]
band0Frequency=80
band0Gain=4
band0Q=0.7
band10Type=0
band11Gain=2.1100000000000008
band11Type=0
band12Type=0
band13Type=0
band14Type=0
band15Type=0
band16Type=0
band17Type=0
band18Type=0
band19Type=0
band1Frequency=150
band1Gain=4.5
band1Q=1
band20Type=0
band21Gain=2.040000000000001
band21Type=0
band22Type=0
band23Type=0
band24Gain=1.0800000000000007
band24Type=0
band25Type=0
band26Type=0
band27Gain=-2.059999999999999
band27Type=0
band28Type=0
band29Type=0
band2Frequency=300
band2Gain=2
band2Q=1.5
band30Type=0
band31Type=0
band3Frequency=600
band3Gain=0.5
band3Q=2
band4Frequency=1000
band4Gain=1.5
band4Q=2
band5Frequency=2000
band5Gain=3
band5Q=2
band6Frequency=3500
band6Gain=4
band6Q=2
band7Frequency=5000
band7Gain=3
band7Q=3
band8Frequency=7000
band8Gain=-2.5
band8Q=3
band9Frequency=10000
band9Gain=2
band9Q=2.5

[soe][Equalizer#0]
numBands=10
outputGain=-5

[soe][Equalizer#0#left]
band0Frequency=25
band0Gain=3
band0Q=0.8
band10Gain=-0.5
band10Type=0
band11Gain=-2
band11Q=3.5
band11Type=0
band12Gain=-2.5
band12Q=3.5
band12Type=0
band13Gain=-2
band13Q=3.5
band13Type=0
band14Gain=-1
band14Type=0
band15Type=0
band16Type=0
band17Gain=0.5
band17Type=0
band18Gain=2
band18Type=0
band19Gain=2.5
band19Type=0
band1Frequency=55
band1Gain=4.5
band1Q=0.5
band20Gain=3
band20Type=0
band21Gain=3.5
band21Type=0
band22Gain=3.5
band22Type=0
band23Gain=3
band23Type=0
band24Gain=2.5
band24Type=0
band25Gain=2
band25Type=0
band26Gain=-1
band26Q=3
band26Type=0
band27Gain=-2.5
band27Q=2.5
band27Type=0
band28Gain=1
band28Q=3.5
band28Type=0
band29Gain=1
band29Q=3.5
band29Type=0
band2Frequency=170
band2Gain=1.5
band2Q=1
band30Type=0
band31Type=0
band3Frequency=500
band3Gain=-0.5
band3Q=1.5
band4Frequency=1100
band4Gain=-1
band4Q=2
band5Frequency=2000
band5Gain=1.5
band5Q=2
band6Frequency=3200
band6Gain=2.5
band6Q=2
band7Frequency=5000
band7Gain=2.5
band7Q=3
band8Frequency=7200
band8Gain=-5
band8Q=4
band9Frequency=10500
band9Gain=2
band9Q=2.5

[soe][Equalizer#0#right]
band0Frequency=25
band0Gain=3
band0Q=0.8
band10Gain=-0.5
band10Type=0
band11Gain=-2
band11Q=3.5
band11Type=0
band12Gain=-2.5
band12Q=3.5
band12Type=0
band13Gain=-2
band13Q=3.5
band13Type=0
band14Gain=-1
band14Type=0
band15Type=0
band16Type=0
band17Gain=0.5
band17Type=0
band18Gain=2
band18Type=0
band19Gain=2.5
band19Type=0
band1Frequency=55
band1Gain=4.5
band1Q=0.5
band20Gain=3
band20Type=0
band21Gain=3.5
band21Type=0
band22Gain=3.5
band22Type=0
band23Gain=3
band23Type=0
band24Gain=2.5
band24Type=0
band25Gain=2
band25Type=0
band26Gain=-1
band26Q=3
band26Type=0
band27Gain=-2.5
band27Q=2.5
band27Type=0
band28Gain=1
band28Q=3.5
band28Type=0
band29Gain=1
band29Q=3.5
band29Type=0
band2Frequency=170
band2Gain=1.5
band2Q=1
band30Type=0
band31Type=0
band3Frequency=500
band3Gain=-0.5
band3Q=1.5
band4Frequency=1100
band4Gain=-1
band4Q=2
band5Frequency=2000
band5Gain=1.5
band5Q=2
band6Frequency=3200
band6Gain=2.5
band6Q=2
band7Frequency=5000
band7Gain=2.5
band7Q=3
band8Frequency=7200
band8Gain=-5
band8Q=4
band9Frequency=10500
band9Gain=2
band9Q=2.5
